1000
-9.761150263650578E-4 -23743.554497390287
-7.375792219536633E-5 -403977.3944803127
1.631835105647087E-4 100183.38894413225
7.944479860404305E-5 -404904.59376600187
-7.837133834439312E-4 374563.95157334744
-4.1974014940959444E-4 659326.0652354923
-1.8450511410323148E-4 916000.9950803681
-1.5735492276113526E-4 -503304.3502931003
2.3190638342288333E-4 -720573.5045626627
9.391764169962625E-4 762597.7335955312
-7.102660630794798E-4 488414.3669216754
-2.3960838540138592E-4 86009.34596588393
4.8773171213171507E-4 -987818.4394080072
9.684993310089254E-5 -865822.4314080407
7.633391306501509E-4 -415643.0706385677
3.3617988550004984E-5 291565.5414664557
-7.410215395071476E-4 -239447.80638094514
-7.480316200234629E-4 62005.98357455502
-5.637303374384082E-4 676221.7738242343
1.0065727086034401E-4 398713.0951829259
9.327551149807083E-4 -406748.7103235519
-3.707750653159785E-4 -174993.15601685562
-3.3294514000191584E-4 513167.801715455
-8.31658943652529E-4 -570693.2665295969
-1.2779979642294512E-4 -613181.9670932255
-5.027053890982723E-4 601155.2675378544
-2.67767565461667E-5 264813.82511232723
-8.436928932756298E-4 -279265.53957583255
-4.7609381278153643E-4 109997.524580142
-9.585748301091908E-4 -77457.68690059893
7.78924151443148E-4 932632.3913964236
6.23269595371441E-5 -475402.01945975097
-9.855811008555287E-5 410977.2916463034
3.4845504172862653E-4 747749.4555249119
-7.074459327473381E-4 224356.86431503668
2.564668269989076E-4 945358.9304198653
7.778598208822078E-5 952792.7068916026
-7.379296514581313E-4 -278155.11297200085
3.972004787782266E-4 -413286.6953460814
7.118939844844882E-4 -960736.3656960077
8.194842477588348E-4 442213.71697467356
3.6611354615392346E-4 -305685.4725325735
9.367155438545214E-4 591790.1614682369
6.801411539246165E-4 393858.47982613905
9.953428371922094E-4 797425.5502863289
8.53756684848792E-4 -934759.932804857
-7.197677418314799E-4 372358.22602504166
8.186412755795968E-4 8408.762880055117
-1.0752977926134033E-4 -600184.064981969
-4.5964898409543275E-4 -969963.3582340315
5.479351448451227E-4 301453.2484564849
2.7834551615784514E-4 -204466.67849214072
7.248029880418602E-5 875181.3056692847
-2.2223368287219495E-4 293062.5366455137
3.8089883334833994E-4 611533.6543759378
7.592364150209622E-4 524367.1967577073
-9.933098885591134E-5 -650335.814348361
-4.719687084872244E-4 -679586.7321011338
6.378062934666031E-4 148526.1041829458
-9.584504620186225E-4 -474434.27179874247
-6.190225780331815E-4 625735.0139811803
3.540892318207873E-4 702213.2863628282
9.013591532524318E-4 956071.1087917478
5.15257312162223E-7 978461.3832868941
-5.704471955272388E-4 223529.78415334015
-4.1452069317422585E-4 694716.4442901725
1.7719352071391965E-4 -114718.54058953119
6.12433654946024E-4 100686.68351548375
-7.802782705040117E-4 -267142.89408139687
4.1675791534107835E-4 -487470.7084674321
-3.318874390634579E-4 -74674.2701908123
-4.010507255770412E-5 -939424.5644145401
7.311858623098068E-4 421186.66900055134
-8.035283292323263E-4 441268.563768063
6.4494719501611945E-6 450149.6832098004
7.439578575652614E-4 932654.7215231769
1.3625472558387807E-4 -457068.6365308388
-3.3550581759889673E-4 340965.6930433968
8.273725431534073E-4 76647.52931149327
3.11098686349146E-4 516540.31788132153
1.5592629646651738E-4 -704663.9062067673
3.9554011848716474E-4 610531.088945017
-9.34055028965165E-4 329596.3255207436
-2.9725700480340604E-4 -660452.3745076975
1.862959147181189E-5 866285.5263837052
2.0666852354852758E-4 183590.2607098536
8.607526508226336E-4 808665.0953706347
-2.648065465733889E-4 663331.4504116517
1.5444009224400415E-4 519343.13709948864
7.865871911410967E-4 626004.9309210817
4.4691108398268943E-4 -947187.9672957971
-3.8223525558223753E-4 814866.1661953949
-7.424181768479212E-4 -838665.6799317955
3.0457234443996973E-4 -94609.39984768932
-7.873482846025451E-5 797381.677530997
1.1694009038453303E-4 -337920.7445802783
-1.4997215724217106E-4 -662213.9415960833
2.568142188197485E-4 -97055.67584695609
2.625938825076392E-4 819214.9105909183
-2.2564019023586974E-4 -445549.0920236785
9.790119617325388E-4 101535.18801734666
3.0800236669537256E-4 -762106.1201832166
4.896319729791206E-4 -934915.9153318007
-8.135440452773955E-4 548891.6458715941
-8.187360291938E-4 699818.3660482627
3.859624261776538E-4 -525117.6651556382
3.397219223529623E-4 -741234.3222464046
8.535448485655624E-4 241211.02459212858
-6.532188533790798E-4 525156.058237602
-2.1284255634722543E-4 -715401.1453828271
3.5090812813841766E-4 -317936.33473384776
6.061899463357719E-4 -976510.6043341734
-3.8505175543337056E-4 -724657.2522018175
-4.4913428464265007E-4 -372030.4623245399
-2.6971411493519894E-4 325094.81924089254
-8.833521036346164E-4 87665.82518454129
9.358188805811951E-4 -232143.7685554775
8.598481635525117E-4 -465779.59028263914
8.91418039302438E-4 -898849.929533063
5.032100919546173E-4 -4346.160006777151
4.2937007885937833E-4 353998.2200417917
7.253168994442263E-4 543124.594275685
4.363096435425272E-5 321442.73915105825
-4.6474796039833025E-4 136298.76686370303
1.755435580049953E-4 378079.1840402179
7.140188378194953E-4 381746.9373775362
-2.839962521979691E-4 -874942.4236239223
-5.531963176781169E-4 -110512.7216243447
-4.321148995629589E-4 626959.2886259363
9.752454642026837E-4 945997.8808263338
-4.0113852449258716E-4 59412.122283683624
8.664519763008089E-4 817723.9986076362
-1.3640464593327856E-4 -784741.6263442237
3.2558197875169636E-4 157309.72730089677
5.855863087365573E-4 506543.56329186447
8.71389887599328E-4 -294514.53056364204
6.280426042233893E-5 -148452.32732684677
-3.5079148787750644E-4 -235252.8037807222
-6.024416416043818E-4 150532.90720091294
-3.2657738458285904E-4 766665.3917739408
-2.5011845073185345E-4 -69164.95111917122
3.715651027020625E-4 -337134.7503507724
-3.2496106574111353E-4 181379.8224109742
9.447448063014386E-4 -159576.90342980693
-9.704042825884674E-4 398656.9341060282
2.641939500022043E-4 -204373.68926959578
-8.319124547797154E-5 430639.64718070347
2.913006237895111E-4 -104252.10668904253
1.9093454269225726E-4 -167910.93844194128
-6.61429560100846E-4 -783310.31002257
-8.486266193621168E-4 -865863.8017279257
8.815391116687612E-4 -334948.5256430018
2.3139879088888613E-4 -317011.1345104623
-9.132637372036997E-4 376385.654853296
-2.7745143292461983E-4 517061.60178883583
-2.6162183924448757E-4 -272898.3661979296
-1.254177589580538E-4 128781.6832648546
8.2654670154031E-4 -794313.8317793253
-9.277618365119271E-4 -103223.09033588658
7.021881613704104E-4 859608.7788400729
-7.86149404100217E-4 476103.26041794615
-5.906553497913025E-4 67485.81884540734
9.032168566014943E-4 498625.00772671285
5.726093815687091E-4 -18221.462976590847
6.149309575740067E-4 562611.4839645533
-9.521261868718196E-4 -854495.7605971737
6.047299273698309E-4 680069.0274586587
-5.629855635747015E-4 -492857.2430336773
1.0225463290630026E-5 102279.35281271953
5.22243779352312E-4 341123.46065537864
3.2372351770518335E-4 758468.1697048785
6.934290092642599E-4 426981.1180905653
2.1766077622494668E-4 -580517.9341667854
-4.7824050353646947E-4 248472.13800213533
-4.354833266409275E-4 -862196.1306744987
7.757228904873761E-4 -55353.89109684166
4.168862961493548E-4 -482809.68906055065
3.804270491665814E-4 -721930.4522743092
-3.002712384324095E-4 -70331.23960535286
-9.111159968469327E-4 981104.0215372867
4.1563348523674954E-4 -75417.11094169237
-3.60508542930427E-5 499341.39344517025
-7.247260378264698E-4 763830.551372308
-8.378117292782756E-4 -627995.9485061755
8.390488608243027E-4 -730609.8844084714
9.660222026801543E-4 272320.36480432586
-5.077642993200096E-4 -16316.059594546445
5.280771467527155E-4 -923411.7751796562
8.748130653814207E-4 20282.16142918635
3.717475818992E-4 -761156.1981721724
-2.515665180919844E-4 921902.2778536065
-6.654444125367605E-4 218754.82281038677
-2.93141479216793E-4 -655387.3116698647
-6.540303105498876E-4 743560.8258294445
-3.775052308046523E-4 -548397.4318689777
1.9892352373067682E-4 -719412.6738947176
2.7049850926690175E-4 526832.5218762532
-6.95646554100728E-4 255061.3946133484
1.8324393567517453E-4 -491665.09298689466
3.106522574429437E-4 -731337.8705734294
4.6177930900411076E-4 -107116.11927187431
-5.749866837582833E-4 -142559.59718854143
7.221364705625255E-6 -221789.65116945154
-7.087806694831794E-4 173446.61668763892
-5.66130774955905E-4 685889.1156274569
-6.414934573352076E-4 382608.2271156125
-2.1285528891226105E-4 -752521.6854000066
8.187136044131443E-4 542100.7732068349
-8.867044673866686E-4 -161554.3757367339
-6.059965607315722E-4 253661.41839276603
-8.587467436315017E-5 -191132.8072120127
5.250233385096132E-4 -515005.37487477006
-4.3115696058384524E-4 86839.95667399839
8.394467808688526E-4 609625.0447501482
-8.354816015604773E-5 619999.9143092863
-8.265798772528114E-4 936254.0121990435
-6.340738965144344E-4 372492.94121537823
-1.264871976996778E-4 781880.0150095245
-8.622464593370382E-4 -590802.8449215144
6.243504545330382E-4 488647.05857571494
5.39246576432632E-4 -24050.692297858535
6.271866003008891E-4 692586.7525470601
5.373565007359108E-4 423980.9758961473
5.972478600194864E-4 -376875.92875895405
3.165509838585247E-4 328723.1460151423
-2.472354710974117E-4 -754580.5122689138
-4.3556658672241465E-6 -782409.1473661747
7.361783481197228E-4 653323.3350545256
2.2629805677195345E-4 948312.9599040411
-7.61904737175009E-4 278921.60014109965
7.236259795913172E-6 968825.2194235497
9.871308605833517E-4 205354.89331033896
-2.779494632763566E-4 441697.60957358894
7.238731777749342E-4 152796.2340968293
-8.552048078680168E-4 -469479.5668873155
-2.0523373354824665E-4 -446824.3976949699
-4.359719936570031E-5 22626.530254674377
-9.182042331451341E-4 -462556.4425461597
-8.237217123783953E-4 901980.1177769448
1.2643631089660073E-4 629867.2061226116
-1.6274285975706796E-4 -511983.77929726616
-4.886022861975061E-4 477057.9484213609
2.1844217515129874E-4 -679332.9193254443
-1.6871382893036664E-4 -964869.7120155771
9.99261210727461E-4 98765.8374817241
9.133744002466193E-4 296596.9124924808
8.09415671466994E-4 668470.47531227
-6.577479263294877E-4 -140693.51487554144
8.232192003024216E-4 -689695.9173086479
7.972072143821011E-4 422934.7311203375
2.831524031687454E-4 387860.7755352601
2.2876689670396026E-4 644241.8980432705
-8.637109881717411E-4 798180.1166876336
-5.190972323034159E-4 690513.3147826933
-6.714242060807671E-4 -396755.2852290361
6.079868045572577E-4 301303.08272337075
7.257780529405233E-4 -275989.0930281059
-1.593407038772347E-4 201802.3530976919
-8.837711468131444E-4 -357166.9625390483
-7.76498151595906E-5 -693140.2661490289
2.993502982624886E-4 -312902.53832377866
-6.317279010709063E-4 312881.63696454396
-1.2475852148427567E-4 -343666.52986935596
9.128263647462673E-5 995545.0154933124
-9.755430629125683E-4 307022.701547188
-2.059092894226111E-4 -185541.9224743906
3.034275139282732E-4 523781.47600888205
5.448597692097575E-4 271606.9469218403
2.798029273673962E-4 882543.016524503
3.334038901717305E-5 878629.7157783355
-3.066756490413975E-4 750820.8579204697
-8.527597025423908E-4 558663.2454431206
7.516626783655095E-4 72086.33532221732
7.13620481534754E-4 841709.1731277134
-8.430127893858599E-4 545747.5631252374
-4.823173957678859E-4 308171.73752672644
-4.921436665575123E-4 41169.42466139537
-9.58608210309148E-4 -606580.6119493195
8.323510566765112E-4 773628.1736814545
-2.4304356148059235E-4 886929.3510395938
1.8219997964252278E-4 22046.09917246271
-7.347341628084805E-4 -757226.2833659037
4.539720253194618E-4 -17193.57889401249
8.696275795600449E-5 163911.63596331305
-9.775801429390784E-5 730899.9377846585
4.939085049528496E-4 830953.3166635276
-8.290383060162481E-4 -800890.0609340803
-5.886259493096065E-4 616765.9009096536
-9.0690208399363E-4 -412106.886885007
1.2637023684965187E-4 161493.90792562906
9.949259105740999E-4 683069.2964730095
-6.948922838274403E-4 -721730.0722880495
7.901964455541946E-4 -814615.8898897308
-3.4734449607399425E-4 -681905.2163021244
7.607209843774416E-4 -654537.1788832669
4.404449132525646E-4 -656930.8423074437
5.937491855042777E-4 -50372.8227490416
8.234422229618909E-5 -259637.87861505034
-1.715995244764212E-5 16498.52605037915
9.57607321222236E-4 -244995.37519162823
8.977565015808955E-4 441265.5564135809
7.590772313686052E-4 827799.7503975944
4.902415392227502E-4 263946.69356943225
7.876046543147843E-4 -404655.75384740357
-4.736381972779282E-4 -760068.9186193559
-1.8128139787298308E-4 942359.1123088603
2.2243266572909192E-4 955534.8909327099
4.351649729650302E-4 592229.9685321283
-5.896327086686679E-4 858262.8914493672
-9.509928049739087E-4 379861.55648239027
6.962019140169511E-5 -739081.6978867698
-7.704395315677044E-4 -428346.96112795116
4.367231308953943E-4 630657.3881922446
4.0851007332278833E-4 380604.9893297318
-8.60258810108099E-4 -711462.328730077
5.511416134548349E-4 -829729.5216880906
-8.961972905675157E-4 22062.46494274633
-3.73100321168138E-5 749467.9160832006
3.351862743384028E-4 52677.48890741984
4.13911783461124E-5 -369625.61300468177
1.1527665488422702E-4 302127.76453016675
-5.051003175916657E-4 -844177.3898807898
6.220272956546833E-4 966036.999537094
-6.956879666180638E-4 997327.4723419386
5.453980573983793E-4 -969975.7816456531
5.501156500198889E-4 -316429.268159335
8.745629361856051E-4 -446874.0385479835
1.06959745150429E-4 -460223.2592722237
-2.9148887751831996E-4 295244.78623705474
1.6922330663170465E-4 701613.3556707443
6.779938452924309E-4 579798.7954114396
5.869336641964281E-4 712957.9257989973
3.6559593348750065E-4 159699.48622796708
7.166674536787719E-5 625068.056614418
-2.7959628414720794E-5 294238.3226905754
-5.253616091991886E-4 -514596.49768400117
-5.993378714371381E-4 -753583.6791223356
-4.557250252732976E-4 637545.6258876396
-8.168505930635254E-5 -25297.58363310236
8.381280198253109E-4 -650633.8416016111
5.998035893742121E-4 920161.7404985363
7.940776768847243E-4 -55201.18624919187
-1.2573788160715393E-4 -520654.056509531
3.5834628825969286E-4 -164729.11200801807
6.65726454998209E-4 5292.205222528195
2.292259512523629E-5 -369944.37565703574
-1.4352184534276733E-4 -6569.765775247244
6.425744750588999E-4 850507.7701435687
1.0056376529096441E-4 -513850.36298955546
-1.8293044952904418E-5 -318650.1562246238
3.7622336138248033E-4 -330767.0526562694
-4.1610034463360245E-4 662878.0455615974
-9.102115340232984E-4 -864686.3205726001
2.6203619592762156E-4 261160.83454265934
2.993916405124794E-5 353970.40425901464
2.7451657432162697E-4 849006.1083914908
-9.799625609806446E-4 515022.4685543692
8.312135891299396E-5 788675.7096437607
-2.7241775868866805E-4 101045.15665464522
-5.193257922717917E-4 28029.740561673185
7.636594975121223E-4 -702924.794620541
8.31728602125022E-4 904985.8151628231
9.415892169672418E-4 659931.5602578404
1.8708103474001682E-4 700881.2513325163
-6.372008407177004E-4 346528.3969516258
1.1299297911923785E-4 -108469.4398035428
-1.4071691844210713E-4 -359988.93815906066
2.1858037296383442E-4 15471.834503115271
-7.541706082338341E-4 -485501.2860862502
-4.3009131581551465E-4 -387899.40261676523
-1.7846514727515197E-4 -456329.50647654606
-5.53091078032805E-4 -221908.32820234483
6.089451274500766E-4 585384.853238439
-7.706911007032398E-4 548713.0501952332
9.304926201192765E-4 363975.6030101082
5.903508937702443E-4 -468661.2345614695
9.5730727531367E-5 323820.50441727927
-3.678529263115598E-4 -998328.4199910167
2.0919024725568288E-4 942231.9068397228
-8.859003306838229E-4 -981111.9699498212
-5.924865535850226E-4 -933328.2831022611
-4.941071546485319E-4 24123.199354104465
1.958486062174755E-4 780746.3618795299
2.3914080491170705E-4 857414.1186391141
-2.2684536248217084E-5 805390.4242917392
-7.631456092678571E-4 -838575.0925209519
3.5568178153519425E-4 506100.9437619706
-4.3253278995495476E-4 735979.7959161757
3.4021717738447524E-4 -795963.0983905472
9.00240009604727E-4 565632.2483473229
1.9302056779950893E-4 -321747.7317515047
3.3144024606703514E-4 963203.0207821028
-6.67055959215086E-4 498283.84981549904
1.0577190857326475E-4 -444577.5947323693
-5.534343473736763E-4 -859231.9091023239
7.75108982753231E-4 -317485.7020772983
7.554896234476366E-4 720714.2432111674
-5.833363062122084E-4 191764.60282353754
-7.494164007023616E-4 -392485.28328597464
-3.2470061962186557E-4 575817.7732591063
-3.7241283707771934E-4 -802274.1127404218
-4.0022503154199464E-4 939649.8193585002
6.448573203409289E-4 681106.6170908264
5.102872585459402E-4 375868.0653330723
6.728423316530916E-4 763354.3604214115
-5.352449923134259E-4 -13807.40441696695
-6.837957095188507E-4 998431.4065548587
-7.161339703525337E-4 7675.279192681075
1.6333974062801354E-4 -364671.7736087253
-4.500115855331639E-4 285417.73232138227
-4.562585447536892E-5 698562.5644110907
-4.873770163181852E-4 -320748.98557773745
7.575354112672101E-4 398667.37073847
-5.868452855340952E-4 900043.575179721
1.0513928813801429E-4 -91627.67636167386
3.842358026670072E-4 742007.471155203
-5.357521283360302E-4 42138.48245268001
7.842150169553473E-4 -289424.8887130915
-9.661013604057758E-5 -558842.8133603185
5.946021228026733E-4 -358877.2511644871
-6.344394890608069E-4 -507121.18247959734
-6.613622557860623E-4 -937980.5747439833
5.690462968713423E-4 403588.62430933025
8.716146719752187E-4 -223815.96076453605
2.3144765410731743E-4 -405498.04789173405
3.486761842356248E-4 418535.025884127
-9.513980163312021E-4 -93698.20945157565
6.933944282395202E-4 -407578.14680134284
-3.410636793373718E-4 973997.362833624
-2.9489728601437052E-5 596328.9467442723
6.851076531210658E-4 573433.7805115017
-7.912058966498397E-4 -277152.3468319144
8.686171276616095E-4 -257263.93351638375
4.250651264109313E-4 645112.998076573
2.9941164368941565E-4 46425.2928964179
8.679849185168887E-4 501607.06239307486
-2.0868383360016815E-4 -523104.2787149909
-1.6968101629319366E-4 948432.2237662585
5.654663681027377E-4 -822602.939353666
7.70938603928292E-4 -331138.27677076263
5.777402852789079E-4 422616.96015000856
-5.7087424328182445E-5 613177.9689957388
-9.37484199801164E-4 107414.12061525555
-7.583823958804785E-4 587511.5730939787
-8.360911850439274E-4 -628796.4615635024
-4.331268169828628E-4 -281402.0879961505
-1.130254050400488E-4 -75049.86406815564
-3.6431420674290656E-4 -207929.22559554002
-9.748162041571151E-4 149679.03522336134
-1.1273498164981999E-4 -504884.3109431542
2.0681217213301163E-4 99864.64789790288
-1.1044801793797258E-4 -809990.73922435
-2.482888669019974E-4 -827987.1752501924
4.8657925656869555E-4 3272.7491863342
6.412546840431626E-4 388205.3370457995
8.185591909965996E-4 735872.8824856351
-4.219139644184507E-4 996326.6712113554
-6.983245165652477E-4 -616895.4835442426
8.486161863343108E-4 403148.0956854294
6.721317181162308E-4 -101506.08022928203
-4.999464007059009E-4 -666603.7122120352
2.790876524378851E-4 -755736.1609626814
2.0507281141374624E-4 547387.1554777564
-4.630697908472787E-5 741605.3492888331
-8.889410204474342E-4 -548241.5170599144
9.865066640306068E-4 -732796.1226332232
-4.280878136890727E-5 502288.1170690062
-9.86833842553856E-4 -61829.35278503352
7.914580869318297E-4 424737.83251674846
9.382522848165274E-4 585733.1573382544
-2.6897507274644794E-4 -30884.127997174975
-5.801299108373454E-4 -461257.8582219216
-6.167978365603807E-4 164704.32027533278
-1.0745331531294337E-4 21255.104719260824
-2.1940958278469404E-4 857650.5470665307
6.23623993098308E-4 814159.8924183152
9.828084405521824E-4 689875.4234211505
-1.2159746699565079E-4 -260995.28775772976
8.5853533710434E-4 617503.5059922538
-8.812832116363478E-5 -7095.7277132259915
9.8542938621208E-4 -431025.72051843663
-7.900625897141733E-4 -603405.210336494
9.181188155628177E-5 907445.9575238135
1.7063973309743453E-4 -786586.0816577671
1.2833293758596513E-5 -10943.110417863005
-7.540721509830335E-4 355184.1651232077
-2.548323969872832E-4 298062.8753223752
4.571402804072922E-4 511682.4790868431
8.581079897351999E-4 391820.9034103863
-8.475850164348906E-4 23580.660627064295
2.5526569183345073E-4 203044.58500664379
8.918325638159962E-4 -835554.2205082898
7.990150132932338E-5 -876292.0276408719
4.261744820710433E-4 905590.9566633471
-5.817517436811157E-4 -265571.4699144629
-1.222454231422929E-4 -791727.4499676937
3.790103726041226E-4 45113.15490815777
-5.631368275752076E-4 -579069.8759280569
1.1355384687042162E-4 -322896.23420580523
1.5493771392589275E-4 454870.950332243
3.901300216204472E-4 -455987.3098159885
7.456550799058487E-4 70003.07229027455
-5.531971994514333E-4 277890.5882831386
6.977171156659701E-4 822923.1849691591
-9.78421859466927E-4 -100676.48055160139
4.5817906507686053E-4 -987129.1439949239
6.945623804135265E-4 44507.89287492004
-3.724996418986873E-5 306761.291307444
-2.4195557025343786E-5 439306.6016119693
-6.304292055878226E-4 -367286.13418240007
-6.619583167911719E-5 -750259.1970514784
4.955544143180838E-4 -597804.0352221245
5.834989380031983E-4 440327.0001926471
1.594513663607112E-4 -845895.5275778102
-2.6113361408826893E-4 336120.82043914404
-5.966192269900013E-4 -690188.6028392387
-4.158883972071965E-4 211282.3556815146
-6.053544809603878E-4 -113597.9709256998
8.287337663826187E-4 -83568.64756197017
-2.977705155550583E-4 -263961.72358527046
9.855954098261024E-4 -690986.6981192261
-4.0254898789867635E-4 -837417.8389020215
-9.525529889752478E-4 -434649.17982353235
4.5826098097412034E-5 612317.7894973056
-3.638145533423296E-4 -669992.3661081393
-8.627270416633044E-4 543813.4409239765
-4.3954496573690857E-4 -902454.0186387852
8.443670577073239E-4 552668.6426089674
6.410270227799717E-4 -776289.1822572397
2.034343548300197E-4 -639906.7567019411
6.497215394464771E-4 527528.0148721877
-7.191514018358192E-4 -630029.657361826
-7.435354967166419E-4 -427244.2032779881
-3.8302381310269067E-4 157256.04306344758
-9.60043874690883E-6 -593416.3141347254
2.3279102169033138E-4 471274.29230305715
3.9480410656835777E-4 785423.7158329734
-2.6074091521941065E-4 120665.99486045726
7.918854424565872E-4 732094.3340062115
6.0717106717825E-4 -547543.7443083425
-6.27637460087763E-4 645649.040976479
-7.648205258041594E-4 -954093.2557771291
-3.139345214141655E-4 -875445.0120227814
-9.036253530474648E-4 -287478.41721637384
3.361454623529545E-5 -834119.0226024822
-5.118775458914904E-5 926780.8607570769
7.45567279368906E-4 -532393.9639420486
-1.3701714147333415E-4 407876.6751494589
8.842513997816518E-4 -811886.2449667637
6.492928372471333E-4 730931.1723312633
5.148286185582521E-4 706390.4860793634
-8.387968567061456E-4 566878.6327531557
3.6596305153094853E-4 -321601.52494056243
9.047510438042216E-4 433396.70388507564
-5.632040150595339E-4 -451.5452095097862
4.0275875304177935E-4 -315024.43432343076
9.057564537940561E-4 -839851.2276515081
8.421090379691618E-4 878415.8425137417
-4.419341107503549E-4 920162.1732564897
-3.2495135044972195E-4 -379249.40152389696
-1.2737739910357096E-4 -768446.8479513924
-9.49443827170764E-4 539788.8214894563
8.952805884447853E-4 -99036.41953837033
2.1939032760952357E-4 -886818.7089691987
7.436447267548528E-5 612405.9122706663
-6.13486989652734E-4 750112.6366123592
-6.544084944123591E-4 -380882.90861902526
8.771581188514429E-4 740427.5482959738
9.273988200270171E-4 665669.8836216053
-6.210275727434249E-5 -530799.9743821109
-4.759974716778817E-4 515890.07363046426
1.1629749853966009E-5 640460.5027806251
-6.765600587183365E-5 -160917.11733061494
-9.449623789656997E-5 161996.0859688546
4.1040543601151853E-4 146523.4848486823
9.133530711609304E-4 -186155.52641265735
5.882064456475839E-4 972120.7077471758
6.593114099019556E-4 856303.9382415817
1.8912051770320786E-4 555615.4284374255
-8.031538967937437E-4 328984.8881642746
-6.220216213076313E-4 -86370.96388219949
-2.724709064026871E-4 950632.9061263502
-8.362456521450348E-4 373329.5284714119
-8.035575799066488E-4 250154.40471830056
9.584587238664144E-4 395436.76778399735
9.761936979268619E-4 -157519.09662645368
1.301876776844651E-4 827741.253933264
8.690944062707479E-4 -391390.04247374914
-8.128889970254769E-4 607263.3686806425
7.371322249881984E-4 -52635.8440209711
9.050533457032658E-5 -631365.5343868658
-7.88052534962623E-4 237113.18661069614
1.1876883413659421E-4 -581767.4351806035
1.4210051573229068E-4 -821093.6775308275
-3.093185401047716E-4 -901939.5335370755
7.024966857383601E-4 788166.5418834877
-3.949965901945174E-4 690305.104034693
4.2091156845424477E-4 460299.85745701846
-7.351682457579023E-4 702972.4098897539
-2.3086045967695898E-4 756277.6871363486
6.289641285864992E-4 628942.8027910742
4.213652554405326E-4 337451.6962311622
8.68845866618775E-4 85247.36167978146
7.999361012249804E-4 -175435.04408231564
8.50553616040992E-6 -383683.3009910743
1.0879255768426349E-4 -735873.8199453917
1.8621190954655345E-4 -615591.5620966295
-3.026098424794635E-4 -643984.1858773339
6.004129035973333E-4 472371.5730721026
3.030264615540368E-4 629397.672464256
6.888461919845065E-4 -411640.07455969194
-5.129369061452136E-4 -650288.6355421838
-3.6146128080513336E-4 -410940.56554292946
-5.893879140150069E-4 97724.93688205979
9.357399880122309E-4 -572552.6842622573
9.878334173530922E-4 682329.2499384992
3.386633310986805E-4 -116945.59994016367
4.1006867581591926E-4 -668039.6930261939
3.922364183417586E-4 -252844.97567088855
5.161428874538346E-5 955236.9335981067
4.028910482634354E-4 -987738.4234385494
-1.5198434268800056E-4 669605.8541770114
-3.472503350873846E-4 -945245.334500136
-6.196586382238214E-4 767488.829154426
-4.4360457124942233E-4 801432.3878095148
-8.960243849855196E-4 -177370.81849747477
-5.502610153068285E-4 435215.5370411761
-5.719560721226582E-4 -264960.9637054369
7.493253162406083E-4 322198.7956437054
6.816665796719424E-4 171151.1523394722
-6.682498547263853E-4 531690.7060180954
-6.041886427477841E-4 76482.2463530812
1.5668489182038298E-4 -427160.9213398346
7.845958754468326E-4 721318.4068855364
-6.066630877135377E-4 -214109.48559391603
-1.7253239016928564E-4 85635.68963180855
-3.9100059376882704E-4 -796912.6955816093
-6.623174112134001E-5 297672.6322055096
9.396745704900139E-4 -366343.56641358987
8.13766298982322E-4 311274.2878046285
-4.1342000625151326E-4 229299.77053306787
-1.1467891046416966E-4 -959670.0697215641
4.6867874930059134E-4 851047.5186880217
3.1291867911524465E-4 -235668.34086171223
-5.898007522194531E-4 185289.52197437058
-3.941016441333145E-4 777281.4304723975
-1.4655877831541676E-4 -253747.77214641497
-4.0473279603857207E-4 -27120.51730075758
-2.3900932376563744E-4 654143.3376062633
-4.3642318227763365E-4 342129.3997781116
1.0779587269033226E-4 -607362.3362977789
-6.800829584231572E-4 -794802.3244375191
-8.37615851130039E-4 -373668.1090450387
9.215610396322706E-5 407569.83332761703
6.178269386645592E-4 -401750.8042182744
2.511382375602466E-4 -318752.33432507375
5.568900821626937E-4 629426.5990685904
8.662568389471289E-5 904934.720546762
2.2213219189272252E-4 -192927.13599049405
-8.776493706022474E-4 -907138.0852560637
6.105447272139154E-4 -925264.3026969794
7.876213705082906E-4 600106.4148804164
-9.763467239838691E-4 -372627.2976688412
6.555044567561543E-4 252961.39265821245
8.778289337009282E-4 766171.0720404768
-8.731699232535095E-5 896116.691491513
3.158863885058512E-4 182415.99354353012
-7.563309462455925E-4 -805886.0061011348
4.598733961564173E-4 16659.953797827824
-1.0787300235744744E-4 432742.66755309375
5.06284844993977E-4 -21101.30118069332
3.04641778274665E-4 536746.3574071669
2.887620850160115E-4 -682587.7572280639
4.6734512727547215E-4 -446587.4877388249
-5.803331441472488E-4 -511616.71688155463
-1.866098545124426E-4 -552678.5901855107
-3.292527885490859E-4 -994642.8330523835
4.0934306625731425E-4 209732.95727483975
-1.3555945843957693E-4 -862937.7321917529
-9.788604558294666E-4 6794.168006757158
2.2118759233699984E-4 -125938.53957410145
-3.8466981058553036E-4 -626048.3311781844
-1.5554112350559413E-4 -100840.93887486658
-1.3108131656991537E-4 309658.6126672393
8.240232726390091E-4 173441.16767389677
-6.588260079226323E-4 529666.4772747864
-7.006830397803543E-4 189279.0252709014
-8.966242108433951E-4 -886102.5017822474
-2.5140144531670175E-4 943580.2299294572
8.275311529601177E-4 311094.2721169605
-2.4409564938375223E-4 -750976.5218340721
-3.9732225747381405E-4 -637851.5080526143
5.566466045221583E-4 127967.82535143453
-9.225321570708338E-4 -138788.03956651245
-2.2597545501011206E-4 -276821.37992337963
-7.96953118602173E-5 394397.9564058585
9.322471441132348E-4 411467.12741045
-9.566182337267773E-4 979081.9839228694
-4.3110570119442727E-4 620792.2768546776
-4.4544735315923847E-4 -827483.6510040944
6.757071244144143E-5 228328.09386091703
-1.896154166041407E-5 -373325.1925338821
6.933358963683973E-4 356450.9715461063
-4.844326469293533E-5 -663053.7302802624
7.372213172312902E-4 -114443.15351894719
2.285345496665298E-4 -134498.72342085186
-8.375265611347083E-4 67069.2773343965
-2.50352785465378E-4 -584143.4501313139
6.939903494294147E-4 -753046.4166305903
-8.320000606683959E-4 -206633.35416143842
9.03747143259922E-4 -100495.03804639715
-7.271487475696936E-4 7074.9772330078995
5.188339844365681E-4 -76867.65605613147
-3.721481590347566E-4 -448440.51146930864
9.150575072162724E-4 -535688.7046095526
-2.1864742207242127E-4 253111.27738277195
-4.4211307263228815E-4 -587165.4464695342
4.834133445041186E-4 -27212.457066203584
1.3851232479351145E-5 150939.77769145323
-5.132783712789421E-4 429583.8555676406
7.932456240669432E-5 -859151.0624689065
-2.862914518372093E-4 940173.0945356758
-4.4003692843146776E-4 -500294.37273029954
8.39728682957545E-4 -32637.79809147271
2.8288649764459674E-4 837850.5814236379
6.722466205760359E-4 -972379.4096534797
-9.649760148053113E-4 325828.3179517358
9.855271109018957E-5 728737.5554581133
-7.051266580491757E-4 207471.17524063005
8.296082930030432E-4 491868.5928709486
-1.3875006083058827E-4 -209140.0329047757
6.851980060996515E-4 -142065.51023757702
-2.1856983279798926E-4 -674086.4682956445
7.456461133657274E-4 186539.08282343345
-6.575773330093808E-4 116813.6096981361
3.3793119417849455E-4 -973724.178214652
3.1292797087718264E-4 -280577.8068529159
-4.708884701213179E-4 -531504.064970993
-8.901243311095939E-4 -861695.2282223363
5.675518910767266E-4 -607686.7762937446
1.1225693507095321E-4 564923.2610978466
-4.5747862716059926E-4 666825.9789247913
9.562971162561502E-4 -611982.5310311692
-5.746920478241775E-4 97236.34178392054
-6.801573371772603E-4 959145.4871818381
-3.899239576229377E-4 184754.21478451276
-5.598368442718644E-4 910808.4161500167
-9.097304797376938E-4 615872.5186748616
4.0819914311029655E-4 -298464.464303541
4.864419260250325E-4 804806.2841571609
-8.56386852225732E-4 -498238.4573791625
2.8397316179493387E-4 -216410.0318972033
8.788298489229682E-4 536279.2627949745
8.442105178281467E-4 267530.40639187465
9.665801403300391E-4 563504.4677735544
2.0149148247139512E-5 819416.8409940081
-1.2570962296374417E-4 -701257.4068059411
5.378468969603751E-4 -305908.46298648405
3.399885444379928E-4 -721898.8075481744
-3.026558581057322E-4 165688.42102772696
-1.6177556376555362E-4 -88356.8014137235
4.0193996305813544E-4 -76950.08488247264
7.408317313295644E-4 288831.54335088166
-9.577479702971337E-4 464535.2612453534
8.561859816552909E-4 676266.4543656323
3.415668627274298E-4 331636.8896589854
3.9194186061024977E-4 587171.5809494571
-8.843485020959703E-5 491524.6337780724
-1.8993972942103808E-4 804037.7878180805
-2.74158316571529E-5 -788159.8827013616
5.292650017176906E-4 -199713.99993412104
4.601586392115166E-4 -633232.2383900236
9.788957283644404E-4 -366235.8953764193
5.696583777070599E-4 -728389.1422319312
1.1945318776136792E-4 574346.3908019331
6.834201326380114E-4 863805.3683490292
-7.810404362316663E-4 -520143.75709118467
-4.2015177881695245E-4 331506.12996902224
4.1058644901233675E-4 248986.64228665805
8.415376747991467E-4 136584.2682427182
-6.441705455170434E-4 -443154.09834362124
-5.404489978590299E-4 -212922.60321339883
-8.011623278542483E-4 -481791.0155453524
7.735578527320198E-4 -315163.2871531347
-7.866580257481477E-5 925508.6201805242
-9.073741403367248E-4 -92680.66840709688
-8.061083811289291E-4 273052.35260236845
6.090273236329755E-4 -121823.75523542974
-1.3184511534630272E-4 905905.942550892
5.475065518789916E-4 -460509.561271069
-6.340681111741474E-4 -678663.8323742743
-1.1497056856454141E-4 -140778.50825831282
-6.050997107923406E-4 -97341.1347850546
4.311152332604831E-4 290618.17197053065
6.57007473292412E-4 -820208.1425676942
5.764291028064006E-4 -853939.2872373438
5.144680366456226E-4 87765.2695668675
-4.0260861112446553E-4 -243998.76776299533
-6.040807534597064E-5 -366105.69653929677
4.71383564364877E-5 754369.8854387628
-5.014954537768787E-4 -113726.10035036132
-5.317530928102708E-4 865021.465030744
6.051471606790156E-4 260706.32756190235
4.302142603107384E-4 -840503.4348126466
-1.69223922553047E-4 710127.2142090183
-2.7523930554723176E-4 914577.725942147
6.655047944388649E-4 610048.0008437659
-5.553967645433442E-4 918821.8733604108
8.022635232179298E-4 885485.6285826699
6.264249000484548E-4 360454.41783022135
-2.5012267812680685E-4 -760695.8271443322
1.5634257228091066E-4 274713.7239895249
-6.192070574266331E-4 218845.75876521273
-2.837445147102544E-4 -63063.036294987076
8.80311715080984E-4 -702818.5486286449
-3.079670761186328E-4 558382.7075325099
-5.119846465903868E-4 -852734.8317687216
-8.304204224323828E-4 -825013.0363742545
-5.916021423410383E-4 851728.6420946873
-5.876063293744694E-4 714954.59065489
-6.834530413679766E-4 918005.8871306491
5.443120294107671E-4 -110710.56624873972
-3.955674536859459E-6 657931.863645175
-4.462861376002172E-4 770070.4779024743
-1.7991624175365303E-4 -257090.33362644608
1.9053363926605817E-4 704484.5331299321
-9.768658273682197E-4 560197.587188747
-1.5498902445280536E-4 558328.1621645701
9.301527123847146E-6 372816.74448187696
-9.228160547049547E-4 -809103.6299192482
3.0487306233302545E-4 225035.874053112
1.0871044421801907E-4 533876.6187548854
-8.1364508276098E-4 -962658.418537324
-7.0631974076505E-4 680071.5470724856
5.016420593487521E-4 399256.09211766394
-6.473420203667626E-4 -16523.619751869468
7.50787751896996E-4 195317.1140623486
-1.5723418223680553E-5 -669560.5749950048
-8.958317266759135E-4 -611011.8259211541
3.6127753267713495E-4 462338.3876492977
7.096664081043518E-4 41220.61412880942
-2.7026306023293385E-5 -486592.65305508237
3.768249098349012E-4 -45158.73375275859
-7.063128631633068E-4 773053.2056674408
5.247500980362664E-4 212893.5836085314
8.367939618544797E-4 90202.60850469046
-8.581261564030584E-4 318512.7266691823
2.9658544220029464E-4 307924.22585105756
4.295090367829194E-4 -354132.08146037546
6.852326404204185E-4 649774.340411314
7.874634481606268E-4 -523840.2764395056
-3.6027889697227923E-4 75016.10460696556
-1.5119576717773997E-4 -980388.8519031651
-5.96301545668021E-4 -721932.9244473206
3.8219305297932066E-4 -486153.71146295813
3.817577252958088E-4 -771768.282866935
5.404076757055507E-5 741002.9661484754
6.187559715847895E-4 -71020.81905098818
2.790581480030998E-4 120377.61369369272
-9.256532397508317E-4 -578269.948521384
6.866072722777213E-4 -89643.9747060556
1.429824133158059E-4 -32681.819742999854
9.158721494750268E-5 992834.8791500423
5.122210950638053E-4 -191002.58520841203
2.8241378154323553E-4 215292.8085104942
-8.427491650125972E-4 954065.8939344208
-5.750160373374227E-4 330122.8620505156
-9.628785862713308E-4 6884.1226469698595
-5.696589855536631E-4 -802208.4069186157
8.882529329744357E-4 244265.19915540842
2.450866951178947E-4 109842.28743383521
-5.966318462412206E-4 844919.9822887571
-3.0258678213717196E-4 -160286.03731598228
3.907345652703637E-5 -532158.0524482082
2.679575612487305E-4 -656199.6508487853
7.128916831879079E-4 -779779.6616518535
-4.649298798541589E-5 -87873.8478467071
7.306287489742787E-4 463673.3511323291
-7.470855864431208E-4 -992528.7728621904
-5.724675345279704E-4 -121704.67868159735
2.2840904337632743E-4 -966273.274497746
-7.882176630853693E-4 -262783.5510389375
5.818172051474336E-4 838719.2096529214
-3.357510526603492E-5 -559924.7256570137
-2.659653385316394E-4 -116306.39812782581
9.594956971768894E-5 -987991.6029196951
-9.925780051782919E-4 701097.215368967
-1.0372392275789593E-4 495464.17903354345
1.8462026074704172E-4 514261.90181402536
-6.179959358296634E-4 -54648.80411832023
-4.638513756333575E-5 -292967.1976159387
-7.776470713707469E-4 83734.04097317625
4.7701638232144905E-5 -791653.4624556917
1.729832912085471E-5 -421506.10618825525
2.503381335987628E-4 796214.5633463599
-2.1201031769164328E-4 -618927.363233109
-1.4130861938807862E-4 -172479.74038202665
2.606113994599289E-4 -408376.0571575288
6.860212904084117E-4 964491.1576777808
-7.095715515657588E-4 -84403.14686225774
-7.681332775058308E-4 95661.78401597939
-3.971646374462327E-4 933980.8489012348
-7.396702727178522E-4 -161404.73086236254
9.208052019901922E-4 130144.69048281666
7.005817687126394E-4 -236415.7796480928
-4.967859613980581E-4 -100595.65596644336
5.200429984118296E-4 -207994.14269909682
1.3609391385431828E-4 613157.8484632012
1.951523923502253E-5 99958.4400963299
6.989455639247182E-4 217629.61254563648
8.608754923705565E-4 -702740.0369884933
5.708209203024526E-4 817967.6531176842
-9.382328025518305E-4 653842.1866686472
-6.540380550626035E-4 231642.23003359768
1.7805223840703993E-4 -289972.3698995238
-4.0363726345913676E-4 590796.8242196252
-5.638308125541008E-5 -265871.4618850342
7.486977937524186E-4 731404.7962035164
7.484517815603412E-4 180261.84417926962
5.356389477895259E-4 327789.67845397093
-4.902459660174634E-4 -448774.50720279827
-6.333908916458645E-5 -485731.37925626565
7.271291738634041E-4 -114263.85817273287
-9.589866313919316E-4 81383.01381410728
-1.8820359885525636E-4 -533720.0539147106
8.456168511501341E-4 -757617.8101662151
1.410312720870467E-4 -716717.3298477216
-3.567844042765354E-4 436330.3154990121
7.129059605996124E-4 -706742.4248420737
3.612008097707063E-4 -332590.8980008203
-2.3728319185245452E-4 573042.560281497
9.790955043016475E-4 475691.84163478506
-7.486838385996297E-4 -900807.9063811627
-1.7231945574687274E-5 -207131.56230723567
-2.5310596642291315E-4 71041.64808149473
7.060235728813472E-4 657103.0353859195
8.955829739852126E-4 447915.7655630156
3.6529655387411864E-4 44409.49135266733
-5.874118789418385E-4 -314595.7449691235
-3.8925114324457534E-4 919633.687669945
3.2437181011525E-4 532583.9404453456
4.971539385563906E-4 -981666.6316184412
5.375099031072034E-5 -808483.5318800623
9.205275099191611E-4 841550.5503605448
-1.3640672561589034E-4 -857694.1588872191
-2.2845906260766013E-4 -121325.47681335139
-8.388740947540579E-4 -498547.3699212504
-6.756653858560619E-4 -830704.4291269628
2.1369999363020364E-4 908194.6196722114
-2.90575902273107E-4 -26845.780815495877
9.381798524021397E-4 -377023.0294536671
7.119712169179622E-4 537992.6119300984
5.999571356611242E-4 -225851.45897382987
5.917705730508521E-4 -261681.53463052632
4.939151386058229E-4 503432.7334766714
1.3887938151595529E-4 -296205.0086856147
-2.1501091675328295E-5 -862323.6167456782
7.588968169111687E-4 -535826.8594933094
-4.0462608177198117E-4 -546168.4192395795
2.4477970503330873E-5 108386.21366762207
-5.690161261466152E-4 -393920.95121667394
8.347441911632154E-4 988628.6956356792
3.6264752011254354E-4 -651544.2385314885
-9.081687344178017E-4 95946.6016718368
3.8066123540662954E-4 813300.3116102507
-3.661062110872262E-4 -107933.28618814563
-2.107971012616643E-4 -704714.3968209162
-9.435369294210894E-4 602898.2731781157
-2.3733917357100732E-4 242758.88823722396
-9.90866832623764E-4 262341.4181265158
4.703391376749877E-4 -27435.796153655974
5.72128951823465E-4 640741.0375081105
-2.1868063791961618E-4 501474.3552511437
-6.0261299211532E-4 600527.9151943135
-5.774135359959583E-4 -673187.120949419
4.413589199937602E-4 -607708.8342446459
3.8735501280433987E-4 990799.9505723242
3.2182488999863E-4 -62269.80935703113
-6.231401177986862E-4 827608.9897681917
5.985829841576023E-4 241636.60668940842
-8.922964999601339E-4 419073.7233234553
6.07958122453363E-4 -266738.9836767304
-5.718195923065438E-4 974439.0647510225
-1.2634741755995684E-4 558120.1113515904
-6.391725983857202E-4 -898498.3793142854
-4.284616142321079E-4 -375493.34833633516
4.247759638805464E-4 -749060.3675845782
4.3569560089717256E-5 -445336.773002313
8.903119711305184E-4 492584.2002108267
9.360706209758072E-4 -401211.57561832725
9.793750569483486E-4 221838.09518501582
1.8023598249382582E-4 -959256.3185411526
4.4955941220611666E-4 -103600.02518937446
-2.622473638109519E-4 -342465.9717270506
4.8550465151211736E-4 -32093.387469422305
-1.9796311395088974E-4 390338.7460470393
-6.296058182795823E-4 800057.5706312323
9.756541187725216E-4 543070.6679937067
2.1606300188741455E-5 -445759.25549428957
-1.6293156512540378E-4 -454853.54267367977
