100
-5.457196795835618E-4 -732491.3221061735
6.146220378134574E-4 568641.8172321338
-6.434185554762234E-4 -512590.1137424926
-4.8622035223093603E-4 532139.7038314722
4.4736637803245087E-4 793217.890136562
5.25656638398334E-4 733591.3485669876
-5.390943564295137E-4 -809646.5219796177
6.257223493353755E-4 -950237.4007597826
5.052282306899933E-4 -378017.00797952246
3.4638101797379735E-4 -602789.799638479
6.339132878171556E-4 -331713.85318879934
2.0035321374559708E-4 919317.0350427676
-8.308883211316203E-4 274312.87298294436
2.9440516621620245E-4 -550128.6196739228
1.5849260936226257E-5 243062.77261193958
2.611724892032936E-4 697832.1525231397
9.361784764617762E-4 724561.2487728121
5.215899578382387E-4 -501688.5799391146
-7.072389409811832E-4 738346.2942304178
-4.1229400857509106E-4 687696.8195420615
1.2497940561206466E-4 885921.7712389799
-3.745754064579578E-4 686226.7373851589
-4.1330886407776315E-4 -158627.38807598606
-1.810157248835131E-4 709221.794030152
7.532558314482061E-4 952478.4126139637
2.137485850265057E-4 678566.9326568441
-4.035210814880959E-4 341302.508177554
-3.3885176667218953E-4 -631070.849548073
5.29633549082028E-4 -737625.729253259
2.493812786974895E-4 -901413.7697510092
-6.592635729178338E-4 158222.75333830086
-8.242572478488794E-4 362632.1212828588
5.607701200565677E-4 -153839.15349619067
-5.987793911219706E-4 -793283.1830033009
3.545584932611943E-4 576859.2855172988
6.252615159959578E-4 -147633.09633313143
8.755191976725116E-4 324390.74607764604
1.283743284869899E-4 -889674.4578996405
-3.084685638213545E-4 -400935.11522025696
8.525054700757972E-4 -543759.8355582325
3.6767376854575937E-4 -681484.2746889524
-2.761137724528835E-4 293417.14915384864
-4.1739822965345243E-4 829143.4710744098
6.703169177509302E-4 -109746.45961971732
2.5885113926940053E-4 -960846.7775083641
4.461911227598373E-5 -244653.91407131578
-8.966321625433753E-4 806074.1760817168
-7.617476296891279E-4 801168.5837121198
6.830818190505512E-4 -784216.7777807909
1.5385778527768996E-4 547599.8092630683
7.013569041199961E-4 196697.03530838084
-9.724382845576396E-5 829473.8521060576
4.946652613057856E-4 -968061.4181009486
-3.968057980798565E-4 -2284.115993446554
9.348498577932466E-4 763923.1972885083
4.7739782096425107E-4 441517.4292647464
9.008544511728415E-4 229950.85717898607
5.80257372863545E-4 -590604.9963922778
-7.251836143564949E-4 524032.1071666912
-5.602649670609706E-4 569866.7392239794
2.0932227416524613E-5 -950685.6444480718
-3.5114964826232396E-4 -472126.6511172928
-6.784767396651472E-4 7118.129389269743
2.1365470495923874E-5 600958.4487707934
-2.6758093168220308E-5 -837269.2028315726
3.080572504626329E-4 559615.8612089709
-7.126225000983948E-4 -965251.1865404041
6.677293251595264E-4 -250899.1275848702
5.917338926277971E-4 273897.14816819015
9.688212947229721E-5 35393.3847461791
-9.024322739546336E-4 -71102.00235964498
8.442253984705906E-4 355891.62962592696
3.735921610994648E-4 -458900.7709075151
4.709827500386614E-4 305806.0734924567
-3.993431826350121E-5 -433784.6265865053
-3.3479671132090045E-4 154112.53663270315
-2.4049824327292276E-4 -509326.70884261077
1.780618257178491E-4 -41684.14613492158
7.565508003232243E-4 -808304.1007040867
-6.776062130841979E-4 -964835.264176759
3.4812081748157543E-4 584398.446071848
-6.415225660874027E-4 -55150.36174068786
1.0581998074410339E-4 -594189.2088704146
-2.106593921239239E-4 359106.20895120385
1.463186926099055E-4 -895117.8429183364
9.763625275216762E-5 -290963.1299639876
-5.487548518772802E-4 239163.01550828153
-2.216048132085835E-4 -653645.3377168654
-5.432562806187442E-4 -476998.57639635867
-3.432689094306447E-4 -897856.8897071626
-9.76158634712075E-4 728729.9522327096
-5.731621087601784E-4 -409882.5320373267
5.042823253768858E-4 -988537.9093515642
-8.916142377720491E-4 376762.33789885975
-9.67492298030557E-4 909755.0050668288
6.886871858552794E-4 -771387.9181448866
4.029719648218648E-4 268538.87069283146
6.037699269697441E-4 -952669.268870115
9.330032844854794E-4 -362648.5325629063
-9.123955878566142E-5 816138.6072489761
