100
0.0 80.07718834255022
0.0 -23.189851011472086
0.0 3.072988771357373
0.0 16.805497560504847
0.0 -13.641995395434847
0.0 60.577900047601105
0.0 80.1932756774059
0.0 -15.392057680902127
0.0 83.50321174816628
0.0 -45.74680497154122
0.0 -25.23346717162427
0.0 28.257213236013513
0.0 33.534760210192644
0.0 -85.77157849017114
0.0 66.0851947582168
0.0 -3.1032344389856092
0.0 -26.87035082530926
0.0 -74.00499920605021
0.0 53.164058815111304
0.0 46.900671284386505
0.0 -78.04172603257214
0.0 -15.286219514369947
0.0 -53.150623643507664
0.0 -48.76571238220868
0.0 43.91586234391204
0.0 34.34259511511567
0.0 -33.225811422964966
0.0 50.575241900943155
0.0 27.65319957740519
0.0 94.22717403589144
0.0 -65.43398513856371
0.0 -99.89914706687813
0.0 -97.1870467329319
0.0 -47.93830123687839
0.0 4.7133301244046635
0.0 -84.15165508806395
0.0 58.37776648028503
0.0 52.125217296062175
0.0 24.49691369770248
0.0 -25.44592320364096
0.0 79.53647038244156
0.0 57.70021311980216
0.0 64.39242129004259
0.0 -29.122019146204224
0.0 69.47457453739119
0.0 16.579528979085552
0.0 -89.64960778021505
0.0 -14.080458013320538
0.0 -27.504648240787063
0.0 -91.43205837054553
0.0 -40.64004745084853
0.0 -29.06847201036642
0.0 64.87770997116672
0.0 3.8846010695113193
0.0 9.702433770485186
0.0 -99.86230048531415
0.0 29.877154541403456
0.0 -88.62740679336304
0.0 87.30122876803313
0.0 -3.439196227114749
0.0 83.27605590307817
0.0 45.421912475652334
0.0 99.57404957148239
0.0 84.76705541783463
0.0 65.88948569528867
0.0 90.51201246567777
0.0 -41.80610180608375
0.0 -25.566637554109732
0.0 69.43287050515784
0.0 92.28028514967008
0.0 62.16496126401901
0.0 28.643585495159982
0.0 12.157716016669752
0.0 54.02264720270509
0.0 82.61971441322288
0.0 -79.17996973647789
0.0 30.661631275068288
0.0 -32.46749795290165
0.0 40.74345755843805
0.0 34.19642715512646
0.0 4.278943125331082
0.0 57.18432614589
0.0 -79.76745233044984
0.0 7.738712614540773
0.0 -21.541894798446393
0.0 66.16816159383126
0.0 -94.307436426629
0.0 -17.58022463907976
0.0 -96.46781592482452
0.0 63.78120243263757
0.0 -11.617335087122015
0.0 -48.2455403703778
0.0 -44.71132686751611
0.0 -97.31720600745075
0.0 -69.28758889413214
0.0 70.50108549119108
0.0 -46.25516218682859
0.0 -94.98097774384873
0.0 30.897241327098243
0.0 25.435723220839208
